-1.1889e+00,-1.1889e+00,-1.1889e+00,-1.1889e+00,-1.1889e+00,-1.1889e+00,-1.1889e+00,-1.1889e+00,-1.1889e+00,-1.1889e+00
-4.6864e-02,-4.6864e-02,-4.6864e-02,-4.6864e-02,-4.6864e-02,-4.6864e-02,-4.6864e-02,-4.6864e-02,-4.6864e-02,-4.6864e-02
-2.3844e-01,-2.3844e-01,-3.3630e-01,-3.3630e-01,-4.5813e-01,-4.5813e-01,-4.5813e-01,-4.5813e-01,-4.5813e-01,-4.5813e-01
-1.1518e+00,-1.1518e+00,-1.1518e+00,-1.1518e+00,-1.1518e+00,-1.1518e+00,-1.4874e+00,-1.4874e+00,-1.4874e+00,-1.4874e+00
-2.7813e-01,-2.7813e-01,-2.7813e-01,-6.5039e-01,-6.5039e-01,-6.5039e-01,-6.5039e-01,-6.5039e-01,-6.5039e-01,-6.5039e-01
3.9641e-02,3.9641e-02,3.9641e-02,3.9641e-02,3.9641e-02,3.9641e-02,3.9641e-02,3.9641e-02,3.9641e-02,3.9641e-02
-1.3729e-01,-1.3729e-01,-4.7274e-01,-4.7274e-01,-4.7274e-01,-4.7274e-01,-4.7274e-01,-4.7274e-01,-4.7274e-01,-4.7274e-01
-2.8220e-01,-2.8220e-01,-2.8220e-01,-2.8220e-01,-2.8220e-01,-2.8220e-01,-2.8220e-01,-2.8220e-01,-7.0000e-01,-7.0000e-01
1.4716e-02,1.4716e-02,1.4716e-02,1.4716e-02,1.4716e-02,6.9070e-03,6.9070e-03,-5.8506e-02,-5.8506e-02,-5.8506e-02
-5.6932e-02,-5.6932e-02,-5.6932e-02,-5.6932e-02,-5.6932e-02,-5.6932e-02,-5.6932e-02,-5.6932e-02,-7.8981e-02,-7.8981e-02
