-1.3736e-01,-1.3736e-01,-1.3736e-01,-1.3736e-01,-1.3736e-01,-5.3520e-01,-5.3520e-01,-5.3520e-01,-5.3520e-01,-5.3520e-01
-7.9663e-02,-7.9663e-02,-7.9663e-02,-8.3961e-02,-8.3961e-02,-8.3961e-02,-8.3961e-02,-8.3961e-02,-8.3961e-02,-8.3961e-02
-1.8450e-01,-1.8450e-01,-1.8450e-01,-1.8450e-01,-1.8450e-01,-3.9770e-01,-3.9770e-01,-5.0698e-01,-7.1799e-01,-7.1799e-01
-4.8227e-02,-4.8227e-02,-4.8227e-02,-4.8227e-02,-4.8227e-02,-6.7199e-02,-2.4425e-01,-2.4425e-01,-2.4425e-01,-2.4425e-01
-1.1866e-02,-1.1866e-02,-1.1866e-02,-1.1866e-02,-1.1866e-02,-1.1866e-02,-1.1866e-02,-1.1866e-02,-2.7330e-02,-2.7330e-02
-2.7982e-01,-2.7982e-01,-2.7982e-01,-2.7982e-01,-2.7982e-01,-2.7982e-01,-2.7982e-01,-2.7982e-01,-2.7982e-01,-2.7982e-01
-3.6668e-02,-3.6668e-02,-5.5373e-02,-5.5373e-02,-5.5373e-02,-5.5373e-02,-1.5144e-01,-1.5144e-01,-1.5144e-01,-1.5144e-01
-7.2807e-01,-7.9489e-01,-7.9489e-01,-7.9489e-01,-7.9489e-01,-7.9489e-01,-7.9489e-01,-7.9489e-01,-7.9489e-01,-7.9489e-01
-9.2141e-01,-9.2141e-01,-9.2141e-01,-9.2141e-01,-9.2141e-01,-9.2141e-01,-9.2141e-01,-9.2141e-01,-9.9519e-01,-9.9519e-01
-9.4418e-02,-1.6165e-01,-1.6165e-01,-1.6165e-01,-1.6165e-01,-1.8571e-01,-1.8571e-01,-1.8571e-01,-1.8571e-01,-1.8571e-01
