-1.1945e+00,-1.1945e+00,-1.1945e+00,-1.1945e+00,-1.1945e+00,-1.1945e+00,-1.1945e+00,-1.1945e+00,-1.1945e+00,-1.1945e+00
-1.7051e-01,-1.7051e-01,-1.8209e-01,-1.8209e-01,-1.8209e-01,-1.8209e-01,-2.0323e-01,-2.0323e-01,-2.0323e-01,-2.0323e-01
-5.8455e-02,-5.8455e-02,-5.8455e-02,-6.9005e-02,-6.9005e-02,-6.9005e-02,-6.9005e-02,-9.9869e-02,-9.9869e-02,-9.9869e-02
-1.7828e-02,-1.9781e-02,-1.9781e-02,-1.9781e-02,-1.9781e-02,-1.9781e-02,-2.9588e-01,-2.9588e-01,-2.9588e-01,-2.9588e-01
-1.6776e-02,-1.6776e-02,-1.6776e-02,-1.6776e-02,-1.6776e-02,-1.6776e-02,-1.6776e-02,-1.6776e-02,-1.6776e-02,-1.6776e-02
-4.5235e-02,-4.5235e-02,-4.5235e-02,-4.5235e-02,-4.9262e-02,-4.9262e-02,-4.9262e-02,-4.9262e-02,-4.9262e-02,-4.9262e-02
-6.5475e-03,-6.5475e-03,-6.5475e-03,-6.5475e-03,-7.2290e-02,-7.2290e-02,-7.2290e-02,-7.2290e-02,-7.2290e-02,-7.2290e-02
-7.3552e-01,-7.3552e-01,-7.3552e-01,-7.3552e-01,-7.3552e-01,-7.3552e-01,-7.3552e-01,-7.3552e-01,-7.3552e-01,-7.3552e-01
7.7439e-02,7.7439e-02,7.7439e-02,7.7439e-02,7.7439e-02,7.7439e-02,-4.1633e-02,-1.5873e-01,-1.5873e-01,-1.5873e-01
-9.1093e-02,-9.1093e-02,-1.2283e-01,-1.2283e-01,-1.2283e-01,-1.2283e-01,-1.2283e-01,-1.2283e-01,-1.2283e-01,-1.2283e-01
