-3.0115e-01,-3.0115e-01,-3.0115e-01,-3.9320e-01,-5.4750e-01,-5.4750e-01,-5.4750e-01,-5.4750e-01,-5.4750e-01,-7.4190e-01
-1.6475e-01,-1.6846e-01,-1.6846e-01,-1.6846e-01,-1.6846e-01,-1.6846e-01,-1.6846e-01,-1.6846e-01,-1.6846e-01,-1.9417e-01
-5.6494e-01,-6.9321e-01,-6.9321e-01,-6.9321e-01,-6.9321e-01,-6.9321e-01,-6.9321e-01,-6.9321e-01,-6.9321e-01,-6.9321e-01
-1.1995e-01,-1.1995e-01,-1.1995e-01,-1.1995e-01,-1.1995e-01,-1.1995e-01,-1.1995e-01,-1.1995e-01,-1.1995e-01,-1.1995e-01
7.2471e-02,7.2471e-02,7.2471e-02,6.5832e-02,6.5832e-02,6.5832e-02,6.5832e-02,6.5832e-02,6.5832e-02,6.5832e-02
-1.2459e+00,-1.2459e+00,-1.2459e+00,-1.2459e+00,-1.2459e+00,-1.2459e+00,-1.2459e+00,-1.2459e+00,-1.6768e+00,-1.6768e+00
-6.0960e-01,-6.0960e-01,-6.9321e-01,-6.9321e-01,-1.1816e+00,-1.1816e+00,-1.1816e+00,-1.1816e+00,-1.1816e+00,-1.1816e+00
-5.5628e-01,-5.5628e-01,-5.5628e-01,-5.5628e-01,-5.5628e-01,-5.5628e-01,-5.5628e-01,-5.5628e-01,-1.0407e+00,-1.0407e+00
1.0618e-01,1.0618e-01,1.0283e-01,1.0283e-01,1.0283e-01,1.0283e-01,1.0283e-01,1.0283e-01,1.0283e-01,1.0283e-01
-1.1994e+00,-1.1994e+00,-1.2171e+00,-1.2171e+00,-1.2171e+00,-1.2171e+00,-1.2171e+00,-1.2171e+00,-1.2171e+00,-1.2171e+00
