-1.7039e-01,-1.7039e-01,-3.0659e-01,-3.0659e-01,-3.0659e-01,-3.0659e-01,-3.0659e-01,-3.0659e-01,-3.0659e-01,-3.0659e-01,-3.0659e-01,-3.0659e-01,-3.0659e-01,-3.0659e-01,-3.0659e-01
-9.5266e-02,-9.5266e-02,-9.5266e-02,-9.5266e-02,-9.5266e-02,-9.6708e-02,-9.6708e-02,-9.6708e-02,-9.6708e-02,-9.6708e-02,-9.6708e-02,-9.6708e-02,-9.6708e-02,-9.6708e-02,-9.7573e-02
-2.4476e-01,-6.4687e-01,-6.4687e-01,-6.4687e-01,-6.4687e-01,-6.4687e-01,-6.4687e-01,-1.0204e+00,-1.0204e+00,-1.0204e+00,-1.0204e+00,-1.0204e+00,-1.0959e+00,-1.0959e+00,-1.0959e+00
-9.0128e-02,-9.0128e-02,-9.0128e-02,-9.3085e-02,-9.3085e-02,-9.3085e-02,-9.3085e-02,-9.3085e-02,-9.3085e-02,-9.3085e-02,-9.3085e-02,-9.3085e-02,-9.3723e-02,-9.3723e-02,-9.3723e-02
-1.3530e-01,-1.3530e-01,-1.3530e-01,-3.8324e-01,-3.8324e-01,-3.8324e-01,-3.8324e-01,-3.8324e-01,-3.8324e-01,-3.8324e-01,-3.8324e-01,-3.8324e-01,-3.8324e-01,-3.8324e-01,-3.8324e-01
-7.9667e-04,-7.9667e-04,-7.9667e-04,-7.9667e-04,-7.9667e-04,-7.9667e-04,-7.9667e-04,-7.9667e-04,-7.9667e-04,-7.9667e-04,-7.9667e-04,-7.9667e-04,-7.9667e-04,-7.9667e-04,-7.9667e-04
-7.7561e-03,-1.1699e-01,-1.1699e-01,-1.1699e-01,-1.1699e-01,-1.6628e-01,-1.6628e-01,-1.6628e-01,-3.4327e-01,-3.4327e-01,-3.4327e-01,-3.4327e-01,-3.4327e-01,-3.4327e-01,-3.4327e-01
2.0657e-02,2.0657e-02,2.0657e-02,2.0657e-02,2.0657e-02,2.0657e-02,2.0657e-02,2.0657e-02,2.0657e-02,2.0657e-02,2.0657e-02,-1.5641e-01,-1.5641e-01,-1.5641e-01,-1.5641e-01
1.2294e-01,1.2294e-01,1.2294e-01,1.2294e-01,-9.2452e-02,-9.2452e-02,-9.2452e-02,-9.2452e-02,-9.2452e-02,-9.2452e-02,-9.2452e-02,-9.2452e-02,-9.2452e-02,-9.2452e-02,-9.2452e-02
-1.3930e+00,-1.3930e+00,-1.3930e+00,-1.3930e+00,-1.3930e+00,-1.3930e+00,-1.3930e+00,-1.3930e+00,-1.3930e+00,-1.3930e+00,-1.3930e+00,-1.3930e+00,-1.3930e+00,-1.3930e+00,-1.3930e+00
-1.5686e-02,-1.5686e-02,-1.5686e-02,-1.5686e-02,-1.5686e-02,-1.5686e-02,-1.5686e-02,-1.5686e-02,-1.5686e-02,-1.5686e-02,-1.5686e-02,-1.5686e-02,-1.5686e-02,-1.5686e-02,-1.5686e-02
-5.1739e-02,-5.1739e-02,-5.1739e-02,-5.1739e-02,-5.1739e-02,-5.1739e-02,-6.6020e-02,-6.6020e-02,-6.6020e-02,-7.0353e-02,-7.0353e-02,-7.0353e-02,-7.0353e-02,-7.0353e-02,-7.3835e-02
-6.9024e-02,-6.9024e-02,-6.9024e-02,-6.9024e-02,-6.9024e-02,-2.8247e-01,-2.8247e-01,-2.8247e-01,-2.8247e-01,-2.8247e-01,-2.8247e-01,-2.8247e-01,-2.8247e-01,-2.8247e-01,-2.8247e-01
-8.2303e-02,-8.2303e-02,-8.7157e-02,-8.7157e-02,-8.7157e-02,-8.7157e-02,-8.7157e-02,-8.7157e-02,-1.0756e-01,-1.0756e-01,-1.0756e-01,-1.0756e-01,-2.3217e-01,-2.3217e-01,-2.3217e-01
-4.8965e-03,-1.2969e-02,-1.2969e-02,-1.2969e-02,-1.2969e-02,-1.2969e-02,-1.2969e-02,-1.2969e-02,-1.2969e-02,-1.2969e-02,-1.2969e-02,-1.2969e-02,-1.2969e-02,-1.2969e-02,-1.2969e-02
