-4.5724e-01,-4.5724e-01,-4.5724e-01,-4.5724e-01,-4.5724e-01,-4.5724e-01,-4.5724e-01,-4.5724e-01,-4.5724e-01,-4.5724e-01
-2.5925e-01,-2.8719e-01,-2.8719e-01,-2.8719e-01,-2.8719e-01,-2.8719e-01,-2.8719e-01,-2.8719e-01,-2.8719e-01,-2.8719e-01
1.1309e-02,1.1309e-02,1.1309e-02,8.1997e-03,-9.8514e-02,-9.8514e-02,-9.8514e-02,-9.8514e-02,-9.8514e-02,-9.8514e-02
-6.0289e-01,-6.0289e-01,-6.0289e-01,-6.0289e-01,-6.0289e-01,-6.0289e-01,-6.0289e-01,-6.0289e-01,-6.0289e-01,-6.0289e-01
-2.8046e-01,-2.8046e-01,-2.8046e-01,-2.8046e-01,-2.8046e-01,-2.8046e-01,-1.1599e+00,-1.1599e+00,-1.1599e+00,-1.1599e+00
-2.9834e-01,-2.9834e-01,-2.9834e-01,-2.9834e-01,-2.9834e-01,-3.3840e-01,-3.3840e-01,-3.3840e-01,-3.3840e-01,-3.3840e-01
-3.2487e-01,-3.2487e-01,-3.2487e-01,-3.2487e-01,-3.2487e-01,-3.2487e-01,-3.2487e-01,-3.6986e-01,-3.6986e-01,-3.6986e-01
-1.1857e-01,-1.1857e-01,-1.1857e-01,-1.1857e-01,-1.1857e-01,-1.1857e-01,-1.3746e-01,-1.3746e-01,-1.3746e-01,-1.3746e-01
-5.2398e-01,-5.2398e-01,-5.2398e-01,-5.2398e-01,-5.2398e-01,-5.2398e-01,-5.2398e-01,-5.2398e-01,-5.2398e-01,-5.2398e-01
5.9614e-02,5.9614e-02,5.9614e-02,5.9614e-02,5.9614e-02,5.9614e-02,5.9614e-02,5.9614e-02,5.9614e-02,5.9614e-02
