-7.4866e-02,-7.4866e-02,-8.6022e-02,-8.6022e-02,-8.6022e-02,-8.6022e-02,-8.6022e-02,-8.6022e-02,-8.6022e-02,-8.6022e-02,-8.7518e-02,-9.6111e-02,-9.6111e-02,-9.6111e-02,-9.6111e-02
-2.3536e-01,-2.3536e-01,-2.3536e-01,-2.3536e-01,-2.3536e-01,-2.3536e-01,-2.3536e-01,-2.3536e-01,-2.3536e-01,-2.3536e-01,-2.3536e-01,-6.4787e-01,-6.4787e-01,-6.4787e-01,-6.4787e-01
-1.5759e-01,-1.5759e-01,-1.5759e-01,-8.1333e-01,-8.1333e-01,-8.1333e-01,-8.1333e-01,-8.1333e-01,-8.1333e-01,-8.1333e-01,-8.1333e-01,-8.1333e-01,-8.1333e-01,-8.1333e-01,-8.1333e-01
8.9336e-02,6.8138e-02,6.8138e-02,6.8138e-02,6.8138e-02,6.8138e-02,6.8138e-02,6.8138e-02,6.8138e-02,6.8138e-02,6.8138e-02,6.8138e-02,6.8138e-02,6.8138e-02,6.8138e-02
-1.0743e+00,-1.0743e+00,-1.0743e+00,-1.0743e+00,-1.0743e+00,-1.0743e+00,-1.0743e+00,-1.0743e+00,-1.0743e+00,-1.0743e+00,-1.0743e+00,-1.0743e+00,-1.0743e+00,-1.0743e+00,-1.0743e+00
1.2888e-01,1.2888e-01,1.2888e-01,1.2888e-01,1.2888e-01,1.2888e-01,1.2888e-01,-1.4261e-01,-1.4261e-01,-1.4261e-01,-1.4261e-01,-1.8558e-01,-1.8558e-01,-1.8558e-01,-1.8558e-01
-4.1127e-02,-4.1127e-02,-4.1127e-02,-4.5106e-02,-7.6192e-02,-7.6192e-02,-1.4638e-01,-1.4638e-01,-1.4638e-01,-1.5395e-01,-1.5395e-01,-1.5395e-01,-1.5395e-01,-1.5395e-01,-1.5395e-01
-2.7793e-01,-2.7793e-01,-2.7793e-01,-2.7793e-01,-2.7793e-01,-2.7793e-01,-2.7793e-01,-2.7793e-01,-2.7793e-01,-2.7793e-01,-2.7793e-01,-2.7793e-01,-2.7793e-01,-2.7793e-01,-2.7793e-01
8.8892e-02,8.8892e-02,8.2566e-02,8.0175e-02,8.0175e-02,8.0175e-02,8.0175e-02,8.0175e-02,8.0175e-02,8.0175e-02,8.0175e-02,8.0175e-02,8.0175e-02,8.0175e-02,8.0175e-02
-3.7137e-01,-3.7137e-01,-1.2001e+00,-1.2001e+00,-1.2001e+00,-1.2001e+00,-1.2001e+00,-1.2001e+00,-1.2001e+00,-1.2001e+00,-1.2001e+00,-1.2001e+00,-1.2001e+00,-1.2001e+00,-1.2001e+00
8.4210e-02,8.4210e-02,8.4210e-02,8.4210e-02,8.4210e-02,8.4210e-02,8.4210e-02,6.3374e-02,6.3374e-02,6.3374e-02,2.0513e-02,2.0513e-02,2.0513e-02,-4.5988e-02,-4.5988e-02
-1.5682e-01,-1.5682e-01,-1.5682e-01,-1.5682e-01,-1.6820e-01,-1.6820e-01,-1.6820e-01,-3.5239e-01,-4.8875e-01,-4.8875e-01,-4.8875e-01,-4.8875e-01,-4.8875e-01,-5.7623e-01,-5.7623e-01
-7.2081e-02,-7.2081e-02,-7.2081e-02,-7.2081e-02,-7.2081e-02,-7.2081e-02,-7.2081e-02,-7.2081e-02,-1.4036e-01,-1.4036e-01,-1.4036e-01,-1.4036e-01,-1.4036e-01,-1.4036e-01,-2.7712e-01
-2.0247e-01,-6.4831e-01,-6.4831e-01,-6.4831e-01,-6.4831e-01,-6.4831e-01,-6.4831e-01,-6.4831e-01,-6.4831e-01,-1.0710e+00,-1.0710e+00,-1.0710e+00,-1.0710e+00,-1.0710e+00,-1.0710e+00
-8.3316e-02,-8.3316e-02,-8.3316e-02,-8.3316e-02,-8.3316e-02,-8.3316e-02,-8.3316e-02,-1.6046e-01,-1.6046e-01,-1.6046e-01,-1.6046e-01,-1.6046e-01,-1.6046e-01,-1.6046e-01,-1.6046e-01
