-1.2651e-01,-1.2651e-01,-1.2651e-01,-1.2651e-01,-1.2651e-01,-1.2651e-01,-1.2651e-01,-1.2651e-01,-1.2651e-01,-4.5764e-01,-4.5764e-01,-4.5764e-01,-4.5764e-01,-4.5764e-01,-4.5764e-01
-5.0520e-01,-5.0520e-01,-5.0520e-01,-5.0520e-01,-5.0520e-01,-5.0520e-01,-5.0520e-01,-5.0520e-01,-5.0520e-01,-5.0520e-01,-5.0520e-01,-5.0520e-01,-5.0520e-01,-5.0520e-01,-5.0520e-01
-3.2607e-01,-3.2607e-01,-3.4401e-01,-3.4401e-01,-3.4401e-01,-3.4401e-01,-1.7252e+00,-1.7252e+00,-1.7252e+00,-1.7252e+00,-1.7252e+00,-1.7252e+00,-1.7252e+00,-1.7252e+00,-1.7252e+00
-4.0178e-01,-4.0178e-01,-4.0178e-01,-4.0178e-01,-4.0178e-01,-4.2061e-01,-4.2061e-01,-4.2061e-01,-4.2061e-01,-4.2061e-01,-4.2061e-01,-4.2061e-01,-4.2061e-01,-4.2061e-01,-4.2061e-01
-8.7476e-01,-8.7476e-01,-8.7476e-01,-8.7476e-01,-8.7476e-01,-8.7476e-01,-8.7476e-01,-8.7476e-01,-8.7476e-01,-8.7476e-01,-8.7476e-01,-8.7476e-01,-8.7476e-01,-8.7476e-01,-8.7476e-01
-1.5939e+00,-1.5939e+00,-1.5939e+00,-1.5939e+00,-1.5939e+00,-1.5939e+00,-1.5939e+00,-1.5939e+00,-1.5939e+00,-1.5939e+00,-1.5939e+00,-1.5939e+00,-1.5939e+00,-1.5939e+00,-1.5939e+00
-1.1622e+00,-1.1622e+00,-1.1622e+00,-1.1622e+00,-1.1622e+00,-1.1622e+00,-1.1622e+00,-1.1622e+00,-1.1622e+00,-1.1622e+00,-1.1622e+00,-1.1622e+00,-1.1622e+00,-1.1622e+00,-1.1622e+00
-2.7490e-01,-2.7490e-01,-2.7490e-01,-2.7490e-01,-3.3415e-01,-3.3415e-01,-3.3415e-01,-3.3415e-01,-3.3415e-01,-3.3415e-01,-3.3415e-01,-3.3415e-01,-3.3415e-01,-3.3415e-01,-3.3415e-01
-5.2968e-01,-5.2968e-01,-5.2968e-01,-5.2968e-01,-5.2968e-01,-5.5748e-01,-5.7517e-01,-5.7517e-01,-5.7517e-01,-5.7517e-01,-5.7517e-01,-5.7517e-01,-5.7517e-01,-5.7517e-01,-5.7517e-01
2.3862e-02,2.3862e-02,2.3862e-02,2.3862e-02,2.3862e-02,2.3862e-02,-9.0750e-01,-9.0750e-01,-9.0750e-01,-9.0750e-01,-9.0750e-01,-9.0750e-01,-9.0750e-01,-9.0750e-01,-9.0750e-01
6.3814e-02,6.3814e-02,6.3814e-02,6.3814e-02,6.3814e-02,6.3814e-02,6.3814e-02,6.3814e-02,6.3814e-02,6.3814e-02,6.3814e-02,6.3814e-02,6.3814e-02,6.3814e-02,6.3814e-02
5.2361e-02,-5.7798e-01,-5.7798e-01,-5.7798e-01,-5.7798e-01,-5.7798e-01,-5.7798e-01,-5.7798e-01,-5.7798e-01,-5.7798e-01,-5.7798e-01,-5.7798e-01,-5.7798e-01,-5.7798e-01,-5.7798e-01
-6.0346e-01,-6.0346e-01,-6.0346e-01,-6.0346e-01,-6.0346e-01,-6.0346e-01,-8.6964e-01,-8.6964e-01,-8.6964e-01,-8.6964e-01,-8.6964e-01,-8.6964e-01,-8.6964e-01,-8.6964e-01,-8.6964e-01
-1.0326e+00,-1.0326e+00,-1.0326e+00,-1.0326e+00,-1.0326e+00,-1.0326e+00,-1.0326e+00,-1.0326e+00,-1.0326e+00,-1.0326e+00,-1.0326e+00,-1.0326e+00,-1.0326e+00,-1.0326e+00,-1.0326e+00
1.0566e-02,1.0566e-02,1.0566e-02,1.0566e-02,1.0566e-02,1.0566e-02,1.0566e-02,1.0566e-02,1.0566e-02,1.0566e-02,1.0566e-02,1.0566e-02,1.0566e-02,1.0566e-02,1.0566e-02
